Top 10
Precision:0.000518882822723
Recall:0.00518882822723
F1:0.000943423314041
MAP:0.00251955389685
NDCG:0.00313863440966