Top 10
Precision:0.159377494014
Recall:0.291444044734
F1:0.206066558506
MAP:0.22910383711
NDCG:0.325419103802
