MAE:0.915905518206
RMSE:1.16193358063